<?xml version="1.0"?>
<opencv_storage>
<calibration_time>"Thu Apr 27 18:28:47 2023"</calibration_time>
<nr_of_frames>1</nr_of_frames>
<image_width>2200</image_width>
<image_height>3200</image_height>
<board_width>8</board_width>
<board_height>6</board_height>
<square_size>22.</square_size>
<fix_aspect_ratio>1.</fix_aspect_ratio>
<!-- flags: +fix_aspectRatio +fix_principal_point +zero_tangent_dist +fix_k4 +fix_k5 -->
<flags>6158</flags>
<fisheye_model>0</fisheye_model>
<camera_matrix type_id="opencv-matrix">
  <rows>3</rows>
  <cols>3</cols>
  <dt>d</dt>
  <data>
    2.6755860247231758e+03 0. 1.0995000000000000e+03 0.
    2.6755860247231758e+03 1.5995000000000000e+03 0. 0. 1.</data></camera_matrix>
<distortion_coefficients type_id="opencv-matrix">
  <rows>5</rows>
  <cols>1</cols>
  <dt>d</dt>
  <data>
    -1.5896729739670037e-01 -9.2307907340159800e-01 0. 0.
    2.4224476877716317e+00</data></distortion_coefficients>
<avg_reprojection_error>1.9237233510992668e-01</avg_reprojection_error>
<per_view_reprojection_errors type_id="opencv-matrix">
  <rows>1</rows>
  <cols>1</cols>
  <dt>f</dt>
  <data>
    1.92372337e-01</data></per_view_reprojection_errors>
<!-- a set of 6-tuples (rotation vector + translation vector) for each view -->
<extrinsic_parameters type_id="opencv-matrix">
  <rows>1</rows>
  <cols>6</cols>
  <dt>d</dt>
  <data>
    -1.1911735649879425e-01 3.3086315280396317e-01
    3.0243080447861989e-02 7.5898617073670903e+02
    -4.9810070099264760e+02 2.2283059155307747e+03</data></extrinsic_parameters>
<image_points type_id="opencv-matrix">
  <rows>1</rows>
  <cols>48</cols>
  <dt>"2f"</dt>
  <data>
    1.97412061e+03 1.02565894e+03 1.99876562e+03 1.02538489e+03
    2.02373792e+03 1.02524841e+03 2.04868652e+03 1.02468066e+03
    2.07386719e+03 1.02444653e+03 2.09906348e+03 1.02362433e+03
    2.12439795e+03 1.02343890e+03 2.14956885e+03 1.02291742e+03
    1.97471338e+03 1.04947803e+03 1.99951428e+03 1.04932751e+03
    2.02451929e+03 1.04896252e+03 2.04954712e+03 1.04868774e+03
    2.07461230e+03 1.04835571e+03 2.09994019e+03 1.04764917e+03
    2.12537061e+03 1.04742212e+03 2.15075708e+03 1.04716895e+03
    1.97532031e+03 1.07353503e+03 2.00042896e+03 1.07332471e+03
    2.02520850e+03 1.07316479e+03 2.05050903e+03 1.07275879e+03
    2.07560522e+03 1.07257458e+03 2.10095703e+03 1.07214319e+03
    2.12646411e+03 1.07155933e+03 2.15169336e+03 1.07141516e+03
    1.97598584e+03 1.09782739e+03 2.00089160e+03 1.09746729e+03
    2.02629858e+03 1.09724915e+03 2.05121509e+03 1.09687866e+03
    2.07648267e+03 1.09673669e+03 2.10196948e+03 1.09652075e+03
    2.12731567e+03 1.09634363e+03 2.15265601e+03 1.09568262e+03
    1.97654053e+03 1.12234460e+03 2.00143677e+03 1.12170667e+03
    2.02675049e+03 1.12151965e+03 2.05227832e+03 1.12134961e+03
    2.07735693e+03 1.12119006e+03 2.10266455e+03 1.12090759e+03
    2.12819653e+03 1.12072363e+03 2.15352759e+03 1.12060205e+03
    1.97705273e+03 1.14665442e+03 2.00232068e+03 1.14644458e+03
    2.02734900e+03 1.14610437e+03 2.05273706e+03 1.14570068e+03
    2.07836548e+03 1.14553894e+03 2.10354663e+03 1.14539233e+03
    2.12907715e+03 1.14533887e+03 2.15460327e+03 1.14525598e+03</data></image_points>
<grid_points>
  0. 0. 0. 22. 0. 0. 44. 0. 0. 66. 0. 0. 88. 0. 0. 110. 0. 0. 132. 0. 0.
  154. 0. 0. 0. 22. 0. 22. 22. 0. 44. 22. 0. 66. 22. 0. 88. 22. 0. 110.
  22. 0. 132. 22. 0. 154. 22. 0. 0. 44. 0. 22. 44. 0. 44. 44. 0. 66. 44.
  0. 88. 44. 0. 110. 44. 0. 132. 44. 0. 154. 44. 0. 0. 66. 0. 22. 66. 0.
  44. 66. 0. 66. 66. 0. 88. 66. 0. 110. 66. 0. 132. 66. 0. 154. 66. 0.
  0. 88. 0. 22. 88. 0. 44. 88. 0. 66. 88. 0. 88. 88. 0. 110. 88. 0. 132.
  88. 0. 154. 88. 0. 0. 110. 0. 22. 110. 0. 44. 110. 0. 66. 110. 0. 88.
  110. 0. 110. 110. 0. 132. 110. 0. 154. 110. 0.</grid_points>
</opencv_storage>
