<?xml version="1.0"?>
<opencv_storage>
<calibration_time>"Wed May  3 12:37:52 2023"</calibration_time>
<nr_of_frames>2</nr_of_frames>
<image_width>2200</image_width>
<image_height>3200</image_height>
<board_width>4</board_width>
<board_height>11</board_height>
<square_size>20.</square_size>
<fix_aspect_ratio>1.</fix_aspect_ratio>
<!-- flags: +fix_aspectRatio +fix_principal_point +zero_tangent_dist +fix_k4 +fix_k5 -->
<flags>6158</flags>
<fisheye_model>0</fisheye_model>
<camera_matrix type_id="opencv-matrix">
  <rows>3</rows>
  <cols>3</cols>
  <dt>d</dt>
  <data>
    5.2151492003372014e+03 0. 1.0995000000000000e+03 0.
    5.2151492003372014e+03 1.5995000000000000e+03 0. 0. 1.</data></camera_matrix>
<distortion_coefficients type_id="opencv-matrix">
  <rows>5</rows>
  <cols>1</cols>
  <dt>d</dt>
  <data>
    6.4228594273836572e+00 4.8598758336749148e+02 0. 0.
    -3.2786873527056043e+04</data></distortion_coefficients>
<avg_reprojection_error>7.9886479943474402e+00</avg_reprojection_error>
<per_view_reprojection_errors type_id="opencv-matrix">
  <rows>2</rows>
  <cols>1</cols>
  <dt>f</dt>
  <data>
    7.98910379e+00 7.98819208e+00</data></per_view_reprojection_errors>
<!-- a set of 6-tuples (rotation vector + translation vector) for each view -->
<extrinsic_parameters type_id="opencv-matrix">
  <rows>2</rows>
  <cols>6</cols>
  <dt>d</dt>
  <data>
    -5.0121174604288532e-01 5.1367723521769937e-01
    -3.0275488211874735e+00 5.2061283044375057e+02
    -3.5146485196391802e+02 6.1866808286633923e+03
    -5.0147222074537601e-01 5.1384233594869344e-01
    -3.0274960939939537e+00 5.2060409769246394e+02
    -3.5145386597996674e+02 6.1865438930047967e+03</data></extrinsic_parameters>
<image_points type_id="opencv-matrix">
  <rows>2</rows>
  <cols>44</cols>
  <dt>"2f"</dt>
  <data>
    1.57838770e+03 1.27958594e+03 1.54110339e+03 1.27911902e+03
    1.50405725e+03 1.27849988e+03 1.46682605e+03 1.27784338e+03
    1.56005615e+03 1.26091895e+03 1.52274548e+03 1.26024731e+03
    1.48554675e+03 1.25971021e+03 1.44832666e+03 1.25900366e+03
    1.57883997e+03 1.24248645e+03 1.54167908e+03 1.24203271e+03
    1.50440784e+03 1.24143518e+03 1.46712170e+03 1.24086804e+03
    1.56051062e+03 1.22367078e+03 1.52319824e+03 1.22314270e+03
    1.48604956e+03 1.22264185e+03 1.44878235e+03 1.22196729e+03
    1.57936536e+03 1.20532593e+03 1.54215186e+03 1.20482019e+03
    1.50486096e+03 1.20417957e+03 1.46763257e+03 1.20362354e+03
    1.56094702e+03 1.18640918e+03 1.52378687e+03 1.18594080e+03
    1.48646899e+03 1.18532251e+03 1.44920886e+03 1.18472253e+03
    1.57994177e+03 1.16809778e+03 1.54260352e+03 1.16758289e+03
    1.50537476e+03 1.16701477e+03 1.46811157e+03 1.16640576e+03
    1.56150781e+03 1.14920496e+03 1.52421973e+03 1.14875586e+03
    1.48689417e+03 1.14811194e+03 1.44965747e+03 1.14748071e+03
    1.58038391e+03 1.13092932e+03 1.54304797e+03 1.13038135e+03
    1.50584436e+03 1.12983643e+03 1.46851013e+03 1.12923950e+03
    1.56199133e+03 1.11199487e+03 1.52463501e+03 1.11144092e+03
    1.48741357e+03 1.11088159e+03 1.45010315e+03 1.11021033e+03
    1.58082910e+03 1.09367432e+03 1.54366077e+03 1.09304199e+03
    1.50629919e+03 1.09253857e+03 1.46890942e+03 1.09195947e+03
    1.57838452e+03 1.27961462e+03 1.54113049e+03 1.27908203e+03
    1.50405774e+03 1.27851819e+03 1.46683545e+03 1.27784827e+03
    1.56005188e+03 1.26093958e+03 1.52277393e+03 1.26027112e+03
    1.48555212e+03 1.25970178e+03 1.44833997e+03 1.25902234e+03
    1.57882935e+03 1.24247607e+03 1.54167004e+03 1.24201917e+03
    1.50440979e+03 1.24142322e+03 1.46711047e+03 1.24087415e+03
    1.56051636e+03 1.22367114e+03 1.52321997e+03 1.22313940e+03
    1.48601929e+03 1.22265125e+03 1.44879932e+03 1.22195361e+03
    1.57935852e+03 1.20533167e+03 1.54214990e+03 1.20483044e+03
    1.50484485e+03 1.20413745e+03 1.46761206e+03 1.20365222e+03
    1.56093176e+03 1.18640967e+03 1.52377441e+03 1.18592883e+03
    1.48648132e+03 1.18535876e+03 1.44918018e+03 1.18471326e+03
    1.57994910e+03 1.16812402e+03 1.54260754e+03 1.16759497e+03
    1.50539172e+03 1.16701843e+03 1.46811975e+03 1.16640479e+03
    1.56151843e+03 1.14919482e+03 1.52421985e+03 1.14876062e+03
    1.48687073e+03 1.14809949e+03 1.44967542e+03 1.14747021e+03
    1.58036670e+03 1.13092224e+03 1.54301831e+03 1.13034497e+03
    1.50584460e+03 1.12983984e+03 1.46849683e+03 1.12922913e+03
    1.56199780e+03 1.11201697e+03 1.52464490e+03 1.11145068e+03
    1.48741602e+03 1.11090088e+03 1.45010669e+03 1.11023474e+03
    1.58081628e+03 1.09370093e+03 1.54364502e+03 1.09303870e+03
    1.50629517e+03 1.09253918e+03 1.46890344e+03 1.09195972e+03</data></image_points>
<grid_points>
  0. 0. 0. 40. 0. 0. 80. 0. 0. 60. 0. 0. 20. 20. 0. 60. 20. 0. 100. 20.
  0. 140. 20. 0. 0. 40. 0. 40. 40. 0. 80. 40. 0. 120. 40. 0. 20. 60. 0.
  60. 60. 0. 100. 60. 0. 140. 60. 0. 0. 80. 0. 40. 80. 0. 80. 80. 0.
  120. 80. 0. 20. 100. 0. 60. 100. 0. 100. 100. 0. 140. 100. 0. 0. 120.
  0. 40. 120. 0. 80. 120. 0. 120. 120. 0. 20. 140. 0. 60. 140. 0. 100.
  140. 0. 140. 140. 0. 0. 160. 0. 40. 160. 0. 80. 160. 0. 120. 160. 0.
  20. 180. 0. 60. 180. 0. 100. 180. 0. 140. 180. 0. 0. 200. 0. 40. 200.
  0. 80. 200. 0. 120. 200. 0.</grid_points>
</opencv_storage>
